
PRÜFER:	Lift 48

Technischer Platz:	228210
Datum:	Do, 2. Jun 2022, 12:04:13
Werkauftrag:	111111111
ENTY:	131011
$GRTY:	130772
$ASG_PRUEFLAGE:	KOST NACH UNTEN
Prüfprogramm:	ASGH
Glättungsfaktor:	150
Startpunkt Auswertung:	30
ASG Y-Achse Maximalwert:	460
ASG X-Achse Maximalwert:	190
$HUB:	162

Hüllkurven-Eckpunkte (X,Yu; X,Yo)
0,000000	10,000000	52,000000	94,000000	122,000000	132,000000	144,000000	148,000000	158,000000	166,000000	0,000000	0,000000	0,000000	0,000000	0,000000	0,000000	0,000000	0,000000	0,000000	0,000000
0,000000	150,000000	150,000000	150,000000	150,000000	94,000000	27,000000	5,000000	0,000000	0,000000	0,000000	0,000000	0,000000	0,000000	0,000000	0,000000	0,000000	0,000000	0,000000	0,000000
0,000000	10,000000	52,000000	94,000000	122,000000	132,000000	144,000000	148,000000	158,000000	166,000000	0,000000	0,000000	0,000000	0,000000	0,000000	0,000000	0,000000	0,000000	0,000000	0,000000
400,000000	400,000000	400,000000	400,000000	400,000000	400,000000	255,000000	212,000000	94,000000	0,000000	0,000000	0,000000	0,000000	0,000000	0,000000	0,000000	0,000000	0,000000	0,000000	0,000000

Messreihen (X,Y)
     0	     1	     2	     3	     4	     5	     6	     7	     8	     9	    10	    11	    12	    13	    14	    15	    16	    17	    18	    19	    20	    21	    22	    23	    24	    25	    26	    27	    28	    29	    30	    31	    32	    33	    34	    35	    36	    37	    38	    39	    40	    41	    42	    43	    44	    45	    46	    47	    48	    49	    50	    51	    52	    53	    54	    55	    56	    57	    58	    59	    60	    61	    62	    63	    64	    65	    66	    67	    68	    69	    70	    71	    72	    73	    74	    75	    76	    77	    78	    79	    80	    81	    82	    83	    84	    85	    86	    87	    88	    89	    90	    91	    92	    93	    94	    95	    96	    97	    98	    99	   100	   101	   102	   103	   104	   105	   106	   107	   108	   109	   110	   111	   112	   113	   114	   115	   116	   117	   118	   119	   120	   121	   122	   123	   124	   125	   126	   127	   128	   129	   130	   131	   132	   133	   134	   135	   136	   137	   138	   139	   140	   141	   142	   143	   144	   145	   146	   147	   148	   149	   150	   151	   152	   153	   154	   155	   156	   157	   158	   159	   160	   161	   162	   163	   164	   165
     0	   173	   243	   233	   251	   295	   294	   336	   372	   412	   421	   422	   452	   433	   468	   491	   480	   516	   523	   514	   531	   494	   469	   465	   444	   459	   459	   435	   453	   433	   433	   404	   388	   371	   368	   362	   365	   343	   334	   300	   284	   279	   266	   275	   240	   224	   203	   198	   136	   170	   208	   269	   298	   362	   381	   385	   422	   415	   395	   364	   342	   343	   318	   328	   314	   308	   291	   264	   253	   224	   219	   179	   181	   216	   247	   291	   319	   356	   369	   349	   350	   338	   327	   316	   310	   293	   254	   247	   253	   244	   243	   261	   274	   290	   309	   335	   342	   323	   313	   288	   272	   259	   253	   265	   276	   284	   282	   288	   288	   294	   294	   290	   284	   276	   277	   275	   278	   271	   279	   283	   294	   297	   293	   292	   292	   283	   290	   285	   283	   276	   256	   233	   214	   211	   178	   166	   158	   154	   153	   144	   126	   125	   122	   115	   112	   108	    99	    93	    92	    79	    80	    81	    69	    65	    58	    52	    47	    37	    37	    33	    29	    22	    18	     1	     0	     0
     0	     1	     2	     3	     4	     5	     6	     7	     8	     9	    10	    11	    12	    13	    14	    15	    16	    17	    18	    19	    20	    21	    22	    23	    24	    25	    26	    27	    28	    29	    30	    31	    32	    33	    34	    35	    36	    37	    38	    39	    40	    41	    42	    43	    44	    45	    46	    47	    48	    49	    50	    51	    52	    53	    54	    55	    56	    57	    58	    59	    60	    61	    62	    63	    64	    65	    66	    67	    68	    69	    70	    71	    72	    73	    74	    75	    76	    77	    78	    79	    80	    81	    82	    83	    84	    85	    86	    87	    88	    89	    90	    91	    92	    93	    94	    95	    96	    97	    98	    99	   100	   101	   102	   103	   104	   105	   106	   107	   108	   109	   110	   111	   112	   113	   114	   115	   116	   117	   118	   119	   120	   121	   122	   123	   124	   125	   126	   127	   128	   129	   130	   131	   132	   133	   134	   135	   136	   137	   138	   139	   140	   141	   142	   143	   144	   145	   146	   147	   148	   149	   150	   151	   152	   153	   154	   155	   156	   157	   158	   159	   160	   161	   162	   163	   164	   165
     0	   173	   243	   233	   251	   295	   294	   336	   372	   412	   421	   422	   452	   433	   468	   491	   480	   516	   523	   514	   531	   494	   469	   465	   444	   459	   459	   435	   453	   433	   433	   404	   388	   371	   368	   362	   365	   343	   334	   300	   284	   279	   266	   275	   240	   224	   203	   198	   136	   170	   208	   269	   298	   362	   381	   385	   422	   415	   395	   364	   342	   343	   318	   328	   314	   308	   291	   264	   253	   224	   219	   179	   181	   216	   247	   291	   319	   356	   369	   349	   350	   338	   327	   316	   310	   293	   254	   247	   253	   244	   243	   261	   274	   290	   309	   335	   342	   323	   313	   288	   272	   259	   253	   265	   276	   284	   282	   288	   288	   294	   294	   290	   284	   276	   277	   275	   278	   271	   279	   283	   294	   297	   293	   292	   292	   283	   290	   285	   283	   276	   256	   233	   214	   211	   178	   166	   158	   154	   153	   144	   126	   125	   122	   115	   112	   108	    99	    93	    92	    79	    80	    81	    69	    65	    58	    52	    47	    37	    37	    33	    29	    22	    18	     1	     0	     0
     0	     1	     2	     3	     4	     5	     6	     7	     8	     9	    10	    11	    12	    13	    14	    15	    16	    17	    18	    19	    20	    21	    22	    23	    24	    25	    26	    27	    28	    29	    30	    31	    32	    33	    34	    35	    36	    37	    38	    39	    40	    41	    42	    43	    44	    45	    46	    47	    48	    49	    50	    51	    52	    53	    54	    55	    56	    57	    58	    59	    60	    61	    62	    63	    64	    65	    66	    67	    68	    69	    70	    71	    72	    73	    74	    75	    76	    77	    78	    79	    80	    81	    82	    83	    84	    85	    86	    87	    88	    89	    90	    91	    92	    93	    94	    95	    96	    97	    98	    99	   100	   101	   102	   103	   104	   105	   106	   107	   108	   109	   110	   111	   112	   113	   114	   115	   116	   117	   118	   119	   120	   121	   122	   123	   124	   125	   126	   127	   128	   129	   130	   131	   132	   133	   134	   135	   136	   137	   138	   139	   140	   141	   142	   143	   144	   145	   146	   147	   148	   149	   150	   151	   152	   153	   154	   155	   156	   157	   158	   159	   160	   161	   162	   163	   164	   165
     0	   173	   243	   233	   251	   295	   294	   336	   372	   412	   421	   422	   452	   433	   468	   491	   480	   516	   523	   514	   531	   494	   469	   465	   444	   459	   459	   435	   453	   433	   433	   404	   388	   371	   368	   362	   365	   343	   334	   300	   284	   279	   266	   275	   240	   224	   203	   198	   136	   170	   208	   269	   298	   362	   381	   385	   422	   415	   395	   364	   342	   343	   318	   328	   314	   308	   291	   264	   253	   224	   219	   179	   181	   216	   247	   291	   319	   356	   369	   349	   350	   338	   327	   316	   310	   293	   254	   247	   253	   244	   243	   261	   274	   290	   309	   335	   342	   323	   313	   288	   272	   259	   253	   265	   276	   284	   282	   288	   288	   294	   294	   290	   284	   276	   277	   275	   278	   271	   279	   283	   294	   297	   293	   292	   292	   283	   290	   285	   283	   276	   256	   233	   214	   211	   178	   166	   158	   154	   153	   144	   126	   125	   122	   115	   112	   108	    99	    93	    92	    79	    80	    81	    69	    65	    58	    52	    47	    37	    37	    33	    29	    22	    18	     1	     0	     0
